1000 6385
1 2 1
1 6 1
1 12 2
1 15 1
1 46 1
1 49 1
1 51 1
1 54 2
1 85 2
1 89 2
1 90 1
1 98 1
1 117 1
1 118 2
1 142 2
1 146 2
1 151 1
1 158 3
1 164 1
1 180 1
1 188 1
1 207 3
1 208 2
1 211 2
1 214 2
1 215 1
1 223 2
1 224 2
1 232 1
1 242 1
1 278 2
1 283 2
1 284 3
1 293 2
1 300 2
1 301 2
1 382 2
1 391 1
1 412 2
1 415 1
1 430 1
1 457 2
1 472 1
1 485 2
1 487 2
1 498 2
1 505 1
1 511 2
1 536 2
1 546 1
1 561 1
1 572 2
1 576 2
1 577 2
1 585 2
1 595 1
1 599 2
1 605 2
1 619 2
1 626 1
1 652 2
1 655 3
1 658 2
1 665 2
1 667 2
1 678 1
1 684 2
1 690 1
1 714 2
1 724 2
1 746 1
1 752 2
1 769 2
1 770 3
1 771 2
1 781 1
1 789 1
1 797 2
1 807 1
1 808 3
1 810 1
1 818 1
1 852 1
1 879 2
1 883 1
1 886 1
1 897 3
1 904 1
1 908 2
1 919 2
1 920 2
1 951 1
1 952 1
1 955 1
1 956 2
1 973 1
1 977 1
1 984 2
1 985 1
1 994 1
2 32 1
2 50 1
2 52 1
2 91 2
2 105 1
2 128 1
2 140 1
2 163 1
2 181 1
2 198 1
2 212 2
2 289 1
2 295 1
2 355 1
2 359 1
2 370 2
2 407 1
2 413 1
2 423 2
2 443 1
2 536 1
2 537 1
2 574 1
2 611 2
2 627 1
2 632 1
2 636 1
2 657 1
2 661 1
2 737 1
2 782 1
2 792 1
2 808 2
2 834 1
2 845 1
2 855 1
2 892 1
2 922 1
2 925 1
2 936 2
2 979 1
3 46 1
3 58 1
3 966 1
3 973 1
4 35 1
4 86 1
4 277 1
4 454 1
4 781 1
4 951 1
5 66 1
5 313 1
5 422 1
5 454 1
5 571 1
5 789 1
6 19 1
6 141 1
6 152 2
6 157 1
6 176 1
6 214 1
6 243 1
6 266 1
6 285 1
6 319 1
6 336 1
6 368 1
6 392 1
6 445 1
6 496 1
6 500 1
6 502 1
6 578 1
6 605 1
6 618 2
6 652 1
6 668 1
6 671 1
6 672 1
6 675 1
6 696 1
6 732 1
6 830 2
6 864 1
6 872 1
6 889 1
6 907 1
6 929 1
6 957 1
6 960 1
6 970 1
6 979 1
6 983 1
7 173 1
7 180 1
7 973 1
7 978 1
8 154 1
8 165 1
8 454 1
8 561 1
8 836 1
8 903 1
8 963 1
8 973 1
8 992 1
9 212 1
9 391 1
9 594 1
9 760 1
9 808 1
9 966 1
10 35 1
10 358 1
10 505 1
10 600 1
10 817 1
10 935 1
10 966 1
11 284 1
11 380 1
11 471 1
11 583 1
11 886 1
11 964 1
12 154 1
12 172 1
12 481 1
12 595 1
12 836 1
12 977 1
13 48 1
13 122 1
13 195 1
13 422 1
13 588 1
13 594 1
13 618 1
13 655 1
13 807 1
14 49 1
14 655 1
14 749 1
14 886 1
14 936 1
15 17 1
15 18 1
15 64 1
15 110 1
15 137 1
15 167 1
15 203 1
15 220 1
15 275 1
15 280 1
15 286 1
15 341 1
15 374 1
15 375 1
15 440 1
15 547 1
15 553 1
15 562 1
15 576 1
15 589 1
15 590 1
15 620 1
15 635 1
15 639 1
15 645 1
15 650 1
15 672 1
15 676 1
15 682 1
15 701 1
15 706 1
15 716 1
15 770 2
15 777 1
15 798 1
15 824 1
15 829 1
15 878 1
15 900 1
15 910 1
15 949 1
15 998 1
16 151 1
16 433 1
16 600 1
16 746 1
16 786 1
16 830 1
16 909 1
16 936 1
16 994 1
17 48 1
17 277 1
17 546 1
17 807 1
17 974 1
18 232 1
18 309 1
18 313 1
18 486 1
18 492 1
18 529 1
18 600 1
18 817 1
19 172 1
19 431 1
19 518 1
19 529 1
19 883 1
19 978 1
20 70 1
20 247 1
20 262 1
20 952 1
21 59 1
21 87 1
21 93 1
21 121 1
21 149 1
21 213 1
21 226 1
21 314 1
21 340 1
21 347 1
21 369 1
21 414 1
21 426 1
21 489 1
21 502 1
21 527 1
21 538 1
21 540 1
21 585 1
21 699 1
21 712 1
21 714 1
21 748 1
21 762 1
21 776 1
21 779 1
21 784 1
21 849 1
21 878 1
21 888 1
21 916 1
21 929 1
21 972 1
21 976 1
21 990 1
22 41 1
22 46 1
22 58 1
22 91 1
22 461 1
22 492 1
23 58 1
23 169 1
23 254 1
23 611 1
23 660 1
23 852 1
24 66 1
24 298 1
24 883 1
24 985 1
25 91 1
25 152 1
25 180 1
25 232 1
25 292 1
25 567 1
25 813 1
25 891 1
25 977 1
26 259 1
26 297 1
26 303 1
26 561 1
26 904 1
27 124 1
27 259 1
27 303 1
27 380 1
27 583 1
27 592 1
27 749 1
27 790 1
27 903 1
27 935 1
27 955 1
27 980 1
28 46 1
28 218 1
28 254 1
28 309 1
28 430 1
28 467 1
28 546 1
28 592 1
28 660 1
28 813 1
29 109 1
29 209 1
29 297 1
29 459 1
29 467 1
29 677 1
29 804 1
29 946 1
29 952 1
30 91 1
30 124 1
30 951 1
31 90 1
31 284 1
31 344 1
31 461 1
31 660 1
31 749 1
31 787 1
32 35 1
32 180 1
32 292 1
32 611 1
32 690 1
33 188 1
33 249 1
33 380 1
33 980 1
34 51 1
34 148 1
34 254 1
34 292 1
34 461 1
34 993 1
35 87 1
35 123 1
35 183 1
35 184 1
35 191 1
35 197 1
35 268 1
35 291 1
35 294 1
35 300 1
35 350 1
35 362 1
35 410 1
35 412 1
35 441 1
35 477 1
35 510 1
35 578 1
35 601 1
35 624 1
35 638 1
35 662 1
35 769 1
35 772 1
35 779 1
35 789 2
35 819 1
35 847 1
35 879 1
35 881 1
35 896 1
35 997 1
36 67 1
36 122 1
36 180 1
36 195 1
36 459 1
36 481 1
36 683 1
36 746 1
36 886 1
37 41 1
37 171 1
37 199 1
37 571 1
37 726 1
37 790 1
37 973 1
37 994 1
38 232 1
38 415 1
38 433 1
38 634 1
38 767 1
38 980 1
38 985 1
38 994 1
39 242 1
39 492 1
39 571 1
39 749 1
39 754 1
39 787 1
39 935 1
39 951 1
39 994 1
40 70 1
40 215 1
40 370 1
40 818 1
40 973 1
41 63 1
41 139 1
41 155 1
41 164 2
41 184 1
41 219 1
41 280 1
41 294 1
41 369 1
41 458 1
41 477 1
41 498 1
41 519 1
41 536 1
41 550 1
41 591 1
41 627 1
41 642 1
41 675 1
41 684 1
41 695 1
41 738 1
41 746 2
41 778 1
41 807 2
41 825 1
41 849 1
41 852 2
41 896 1
41 918 1
41 951 2
41 968 1
42 151 1
42 164 1
42 166 1
42 303 1
42 454 1
42 754 1
42 992 1
43 124 1
43 567 1
43 592 1
43 807 1
44 59 1
44 131 1
44 153 1
44 167 1
44 291 1
44 335 1
44 339 1
44 384 1
44 428 1
44 495 1
44 505 2
44 511 1
44 519 1
44 535 1
44 552 1
44 558 1
44 595 2
44 606 1
44 684 1
44 709 1
44 713 1
44 764 1
44 774 1
44 775 1
44 798 1
44 800 1
44 811 1
44 823 1
44 839 1
44 860 1
44 878 1
44 906 1
44 927 1
44 933 1
45 91 1
45 370 1
45 625 1
45 677 1
45 807 1
45 810 1
45 883 1
45 964 1
45 992 1
46 100 1
46 119 1
46 126 1
46 145 1
46 160 1
46 170 1
46 231 1
46 238 2
46 338 1
46 378 1
46 427 1
46 493 1
46 495 1
46 496 1
46 523 1
46 563 1
46 651 1
46 654 1
46 688 1
46 697 2
46 711 1
46 735 1
46 808 2
46 840 1
46 875 1
46 894 1
46 912 1
47 90 1
47 579 1
47 594 1
47 815 1
48 50 1
48 89 1
48 99 1
48 101 1
48 103 1
48 110 1
48 126 1
48 131 1
48 190 1
48 193 1
48 208 1
48 221 1
48 252 1
48 273 1
48 286 1
48 403 1
48 453 1
48 472 2
48 501 1
48 506 1
48 514 1
48 530 1
48 545 1
48 553 1
48 560 1
48 602 1
48 617 1
48 639 1
48 673 1
48 684 1
48 701 1
48 764 1
48 791 1
48 814 1
48 816 1
48 846 1
48 927 1
48 943 1
48 962 1
48 981 1
49 68 1
49 72 1
49 74 1
49 76 1
49 101 1
49 103 1
49 268 1
49 305 1
49 341 1
49 372 1
49 395 1
49 403 1
49 469 1
49 478 1
49 538 1
49 563 1
49 580 1
49 635 1
49 652 1
49 655 2
49 671 1
49 713 1
49 733 1
49 738 1
49 766 1
49 768 1
49 774 1
49 809 1
49 829 1
49 838 1
49 887 1
49 922 1
49 930 1
49 941 1
49 961 1
49 982 1
49 986 1
49 992 2
50 169 1
50 754 1
51 56 1
51 110 1
51 141 1
51 201 1
51 228 1
51 246 1
51 276 1
51 289 1
51 301 1
51 337 1
51 356 1
51 365 1
51 375 1
51 379 1
51 401 1
51 420 1
51 421 1
51 435 1
51 457 1
51 493 1
51 540 1
51 542 1
51 565 1
51 591 1
51 607 1
51 643 1
51 671 1
51 716 1
51 722 1
51 757 1
51 761 1
51 836 2
51 842 1
51 858 1
51 892 1
51 947 1
51 948 1
51 960 1
51 1000 2
52 169 1
52 571 1
52 626 1
52 815 1
53 124 1
53 148 1
53 232 1
53 459 1
53 561 1
53 594 1
53 600 1
53 625 1
53 770 1
53 897 1
54 232 1
54 309 1
54 433 1
54 461 1
54 481 1
54 529 1
54 966 1
54 989 1
55 461 1
55 807 1
55 877 1
56 156 1
56 262 1
56 358 1
56 422 1
56 461 1
56 611 1
56 618 1
56 655 1
56 749 1
56 808 1
56 897 1
57 247 1
57 588 1
57 618 1
57 746 1
57 786 1
58 93 1
58 134 1
58 161 1
58 178 1
58 183 1
58 194 1
58 202 1
58 227 1
58 229 1
58 230 1
58 242 2
58 273 1
58 285 1
58 326 1
58 342 1
58 349 1
58 350 1
58 390 1
58 417 1
58 444 1
58 483 1
58 497 1
58 499 1
58 521 1
58 545 1
58 601 1
58 652 1
58 657 1
58 661 1
58 662 1
58 668 1
58 681 1
58 695 1
58 719 1
58 774 1
58 784 1
58 792 1
58 825 1
58 833 1
58 841 1
58 849 1
58 871 1
58 896 1
58 906 1
58 913 1
58 923 1
58 947 1
59 391 1
59 431 1
59 459 1
59 461 1
59 518 1
59 567 1
59 830 1
59 902 1
60 75 1
60 84 1
60 89 1
60 134 1
60 181 1
60 220 1
60 227 1
60 229 1
60 299 1
60 319 1
60 321 1
60 335 1
60 337 1
60 359 1
60 381 1
60 382 1
60 390 1
60 409 1
60 468 1
60 494 1
60 498 1
60 520 1
60 532 1
60 547 1
60 552 1
60 587 1
60 621 1
60 627 1
60 649 1
60 654 1
60 725 1
60 735 1
60 784 1
60 803 1
60 837 1
60 852 2
60 863 1
60 875 1
60 892 1
60 954 1
61 618 1
61 634 1
61 754 1
61 815 1
61 884 1
61 909 1
61 977 1
62 109 1
62 188 1
62 399 1
62 508 1
62 877 1
62 974 1
63 188 1
63 232 1
63 309 1
63 935 1
64 169 1
64 188 1
64 212 1
64 259 1
64 380 1
64 391 1
64 399 1
64 600 1
64 902 1
64 963 1
65 86 1
65 195 1
65 238 1
65 259 1
65 433 1
65 492 1
65 902 1
65 973 1
66 81 1
66 104 1
66 110 1
66 168 1
66 197 1
66 204 1
66 220 1
66 233 1
66 235 1
66 274 1
66 280 1
66 366 1
66 383 1
66 465 1
66 480 1
66 483 1
66 516 1
66 517 1
66 530 1
66 538 1
66 550 1
66 578 1
66 581 1
66 636 1
66 663 1
66 671 1
66 732 1
66 751 1
66 753 1
66 763 1
66 777 1
66 781 2
66 883 2
66 910 1
66 927 1
66 932 1
66 979 1
66 982 1
66 988 1
66 999 1
67 96 1
67 126 1
67 131 1
67 161 1
67 182 1
67 189 1
67 222 1
67 245 1
67 251 1
67 270 1
67 332 1
67 364 1
67 386 1
67 387 1
67 393 1
67 401 1
67 428 1
67 505 2
67 513 1
67 541 1
67 557 1
67 619 1
67 665 1
67 690 2
67 709 1
67 771 1
67 848 1
67 853 1
67 911 1
67 967 1
67 990 1
68 509 1
68 678 1
68 807 1
68 852 1
68 877 1
68 980 1
69 399 1
69 472 1
69 509 1
69 571 1
69 836 1
70 73 1
70 84 1
70 140 1
70 203 1
70 291 1
70 365 1
70 420 1
70 445 1
70 491 1
70 494 1
70 504 1
70 510 1
70 522 1
70 536 1
70 549 1
70 562 1
70 573 1
70 589 1
70 604 1
70 630 1
70 674 1
70 721 1
70 776 1
70 779 1
70 849 1
70 858 1
70 928 1
70 932 1
70 943 1
71 781 1
72 86 1
72 398 1
72 891 1
72 903 1
73 242 1
73 284 1
73 380 1
73 467 1
73 492 1
73 592 1
73 865 1
74 152 1
74 169 1
74 277 1
74 303 1
74 454 1
74 561 1
74 745 1
74 877 1
74 903 1
74 945 1
74 1000 1
75 156 1
75 164 1
75 380 1
75 415 1
76 505 1
76 660 1
76 767 1
76 883 1
76 884 1
77 358 1
77 459 1
77 571 1
77 836 1
77 883 1
78 98 1
78 215 1
78 309 1
78 370 1
78 399 1
78 786 1
78 978 1
79 212 1
79 254 1
79 450 1
79 472 1
79 818 1
79 830 1
80 212 1
80 267 1
80 450 1
80 486 1
80 505 1
80 508 1
80 579 1
80 595 1
80 787 1
80 884 1
81 164 1
81 188 1
81 579 1
81 660 1
81 935 1
82 86 1
82 169 1
82 259 1
82 303 1
82 415 1
82 430 1
82 818 1
82 994 1
83 770 1
83 951 1
83 963 1
84 164 1
84 249 1
84 430 1
84 955 1
85 98 1
85 180 1
85 313 1
85 461 1
85 726 1
85 945 1
86 97 1
86 175 1
86 235 1
86 257 1
86 318 1
86 339 1
86 351 1
86 368 1
86 377 1
86 406 1
86 418 1
86 440 1
86 445 1
86 468 1
86 472 2
86 489 1
86 494 1
86 502 1
86 512 1
86 513 1
86 519 1
86 548 1
86 552 1
86 556 1
86 557 1
86 580 1
86 603 1
86 643 1
86 675 1
86 723 1
86 774 1
86 789 2
86 794 1
86 835 1
86 855 1
86 866 1
86 880 1
86 885 1
86 892 1
86 917 1
86 959 1
86 983 1
87 98 1
87 156 1
87 169 1
87 344 1
87 433 1
87 561 1
87 966 1
87 974 1
88 180 1
88 254 1
88 431 1
88 518 1
88 626 1
88 746 1
88 790 1
88 945 1
88 994 1
89 331 1
89 398 1
89 594 1
89 836 1
89 904 1
89 945 1
90 100 1
90 105 1
90 108 1
90 143 1
90 235 1
90 255 1
90 266 1
90 308 1
90 343 1
90 364 1
90 393 1
90 490 1
90 509 2
90 514 1
90 517 1
90 518 2
90 531 1
90 578 1
90 596 1
90 612 1
90 622 1
90 628 1
90 634 2
90 644 1
90 731 1
90 748 1
90 749 2
90 758 1
90 775 1
90 785 1
90 796 1
90 816 1
90 830 2
90 863 1
90 887 1
90 895 1
90 899 1
90 900 1
90 936 2
90 984 1
90 989 2
91 105 1
91 135 1
91 180 2
91 194 1
91 227 1
91 286 1
91 308 1
91 315 1
91 328 1
91 397 1
91 415 2
91 429 1
91 435 1
91 463 1
91 468 1
91 491 1
91 510 1
91 548 1
91 562 1
91 620 1
91 631 1
91 675 1
91 736 1
91 756 1
91 792 1
91 872 1
91 882 1
91 895 1
91 904 2
91 914 1
91 916 1
91 922 1
92 216 1
92 232 1
92 238 1
92 249 1
92 297 1
92 471 1
92 746 1
92 790 1
92 810 1
93 117 1
93 173 1
93 431 1
93 454 1
94 156 1
94 242 1
94 309 1
94 660 1
95 238 1
95 281 1
95 767 1
95 804 1
95 952 1
96 430 1
96 486 1
96 561 1
96 579 1
96 754 1
96 883 1
96 946 1
97 188 1
97 423 1
97 595 1
97 904 1
97 931 1
98 105 1
98 126 1
98 162 1
98 189 1
98 202 1
98 205 1
98 224 1
98 229 1
98 245 1
98 248 1
98 252 1
98 256 1
98 270 1
98 282 1
98 309 2
98 343 1
98 362 1
98 380 2
98 388 1
98 537 1
98 594 2
98 602 1
98 620 1
98 629 1
98 647 1
98 665 1
98 668 1
98 673 1
98 721 1
98 756 1
98 788 1
98 791 1
98 821 1
98 825 1
98 835 1
98 914 1
98 917 1
98 922 1
98 961 1
98 969 1
98 992 2
99 207 1
99 450 1
99 508 1
99 529 1
99 883 1
99 964 1
100 117 1
100 232 1
100 242 1
100 546 1
100 634 1
100 977 1
101 109 1
101 171 1
101 284 1
101 292 1
101 380 1
101 391 1
101 415 1
101 486 1
101 492 1
101 683 1
101 770 1
101 994 1
102 154 1
102 180 1
102 358 1
102 592 1
102 600 1
102 836 1
102 935 1
102 993 1
103 164 1
103 380 1
103 505 1
103 749 1
103 786 1
103 903 1
104 117 1
104 156 1
104 171 1
104 188 1
104 433 1
104 486 1
104 508 1
104 618 1
104 678 1
104 690 1
104 781 1
104 935 1
105 292 1
105 508 1
106 158 1
106 232 1
106 254 1
106 433 1
106 546 1
106 904 1
107 152 1
107 242 1
107 415 1
107 508 1
107 600 1
107 936 1
108 433 1
108 583 1
108 804 1
108 937 1
109 114 1
109 183 1
109 220 1
109 255 1
109 261 1
109 324 1
109 340 1
109 341 1
109 345 1
109 346 1
109 392 1
109 404 1
109 418 1
109 469 1
109 590 1
109 615 1
109 662 1
109 676 1
109 734 1
109 737 1
109 744 1
109 829 1
109 843 1
109 850 1
109 853 1
109 862 1
109 881 1
109 957 1
110 152 1
110 259 1
110 430 1
110 529 1
110 579 1
110 595 1
110 634 1
110 804 1
110 808 1
111 151 1
111 154 1
111 946 1
112 195 1
112 529 1
112 781 1
112 789 1
112 989 1
113 209 1
113 309 1
113 431 1
113 690 1
114 242 1
114 454 1
114 459 1
114 571 1
114 697 1
114 891 1
114 937 1
114 951 1
115 126 1
115 151 2
115 210 1
115 219 1
115 226 1
115 233 1
115 282 1
115 311 1
115 320 1
115 341 1
115 362 1
115 366 1
115 369 1
115 382 1
115 410 1
115 424 1
115 438 1
115 440 1
115 456 1
115 479 1
115 540 1
115 673 1
115 701 1
115 712 1
115 727 1
115 778 1
115 788 1
115 811 1
115 840 1
115 912 1
115 932 1
116 505 1
116 808 1
116 963 1
116 978 1
117 134 1
117 138 1
117 190 1
117 191 1
117 194 1
117 195 2
117 198 1
117 203 1
117 265 1
117 290 1
117 292 2
117 311 1
117 347 1
117 348 1
117 353 1
117 359 1
117 366 1
117 384 1
117 394 1
117 467 2
117 468 1
117 523 1
117 539 1
117 542 1
117 551 1
117 556 1
117 569 1
117 597 1
117 605 1
117 611 2
117 666 1
117 675 1
117 691 1
117 703 1
117 715 1
117 717 1
117 736 1
117 741 1
117 803 1
117 814 1
117 830 2
117 836 2
117 848 1
117 856 1
117 869 1
117 901 1
117 909 2
117 922 1
117 931 2
117 984 1
118 238 1
118 344 1
118 450 1
118 579 1
118 588 1
118 626 1
119 152 1
119 492 1
119 655 1
119 951 1
120 262 1
120 583 1
120 678 1
120 804 1
120 810 1
120 815 1
121 212 1
121 309 1
121 358 1
121 422 1
121 481 1
121 886 1
121 952 1
121 1000 1
122 137 1
122 142 1
122 164 2
122 193 1
122 211 1
122 219 1
122 232 2
122 314 1
122 360 1
122 367 1
122 372 1
122 395 1
122 560 1
122 644 1
122 661 1
122 662 1
122 679 1
122 686 1
122 691 1
122 717 1
122 734 1
122 753 1
122 759 1
122 761 1
122 778 1
122 784 1
122 788 1
122 799 1
122 822 1
122 829 1
122 854 1
122 856 1
122 868 1
122 874 1
122 876 1
123 180 1
123 467 1
123 561 1
123 683 1
123 940 1
124 129 1
124 134 1
124 141 1
124 176 1
124 178 1
124 188 2
124 190 1
124 192 1
124 202 1
124 217 1
124 229 1
124 330 1
124 359 1
124 385 1
124 400 1
124 403 1
124 497 1
124 528 1
124 550 1
124 561 2
124 565 1
124 709 1
124 717 1
124 727 1
124 741 1
124 742 1
124 747 1
124 750 1
124 833 1
124 851 1
124 854 1
124 872 1
124 875 1
124 893 1
125 169 1
125 292 1
125 454 1
125 726 1
125 818 1
126 207 1
126 209 1
126 212 1
126 277 1
126 297 1
126 380 1
126 430 1
126 897 1
126 931 1
127 152 1
127 358 1
127 818 1
127 946 1
127 973 1
128 151 1
128 154 1
128 180 1
128 195 1
128 259 1
128 298 1
128 398 1
128 579 1
128 677 1
128 865 1
128 884 1
128 973 1
129 215 1
129 936 1
130 152 1
130 216 1
130 267 1
130 277 1
130 467 1
130 518 1
130 634 1
130 810 1
130 818 1
130 877 1
130 974 1
130 989 1
131 188 1
131 370 1
131 398 1
131 399 1
131 655 1
131 818 1
132 262 1
132 567 1
132 807 1
133 165 1
133 259 1
133 481 1
133 518 1
133 588 1
133 655 1
133 815 1
133 883 1
134 156 1
134 165 1
134 398 1
134 579 1
134 818 1
134 937 1
135 152 1
135 169 1
135 209 1
135 232 1
135 592 1
135 690 1
135 746 1
135 884 1
135 963 1
136 166 1
136 370 1
136 431 1
136 634 1
136 726 1
136 902 1
136 935 1
136 952 1
136 963 1
136 980 1
137 218 1
137 232 1
137 492 1
137 808 1
137 936 1
137 985 1
138 216 1
138 277 1
138 309 1
138 398 1
138 472 1
138 746 1
138 770 1
138 807 1
138 810 1
138 946 1
138 964 1
139 267 1
139 398 1
139 546 1
139 817 1
139 883 1
139 897 1
139 931 1
139 936 1
140 216 1
140 262 1
140 423 1
140 808 1
140 818 1
140 884 1
141 156 1
141 238 1
141 509 1
141 594 1
141 749 1
141 807 1
141 955 1
141 985 1
141 1000 1
142 298 1
142 467 1
142 955 1
143 165 1
143 171 1
143 472 1
143 813 1
143 964 1
144 259 1
144 529 1
144 583 1
144 611 1
144 807 1
144 902 1
145 156 1
145 303 1
145 331 1
145 398 1
145 399 1
145 583 1
145 600 1
145 897 1
146 195 1
146 398 1
146 509 1
146 754 1
146 808 1
146 902 1
147 151 1
147 180 1
147 247 1
147 370 1
147 433 1
147 836 1
147 952 1
147 966 1
148 203 1
148 206 1
148 210 1
148 215 2
148 351 1
148 360 1
148 365 1
148 366 1
148 379 1
148 438 1
148 455 1
148 502 1
148 521 1
148 523 1
148 585 1
148 626 2
148 650 1
148 708 1
148 802 1
148 807 2
148 837 1
148 839 1
148 841 1
148 910 1
148 912 1
148 920 1
148 938 1
148 962 1
149 158 1
149 165 1
149 172 1
149 180 1
149 430 1
149 595 1
149 611 1
149 891 1
149 937 1
149 946 1
150 529 1
150 625 1
150 678 1
150 781 1
150 936 1
151 170 1
151 185 1
151 199 2
151 254 2
151 323 1
151 354 1
151 380 2
151 452 1
151 466 1
151 469 1
151 549 1
151 582 1
151 627 1
151 707 1
151 715 1
151 718 1
151 730 1
151 740 1
151 779 1
151 791 1
151 802 1
151 839 1
151 851 1
151 866 1
151 867 1
151 868 1
151 987 1
152 198 1
152 263 1
152 271 1
152 295 1
152 299 1
152 356 1
152 365 1
152 451 1
152 460 1
152 484 1
152 510 1
152 528 1
152 560 1
152 632 1
152 637 1
152 685 1
152 709 1
152 730 1
152 756 1
152 783 1
152 784 1
152 785 1
152 826 1
152 866 1
152 953 1
152 995 1
153 267 1
153 297 1
153 331 1
153 467 1
153 754 1
153 770 1
153 808 1
153 852 1
153 936 1
154 236 1
154 243 1
154 302 1
154 325 1
154 352 1
154 369 1
154 384 1
154 392 1
154 449 1
154 470 1
154 482 1
154 491 1
154 542 1
154 560 1
154 577 1
154 580 1
154 584 1
154 612 1
154 613 1
154 687 1
154 688 1
154 695 1
154 722 1
154 727 1
154 741 1
154 800 1
154 866 1
154 900 1
154 930 1
154 938 1
154 996 1
155 238 1
155 459 1
155 660 1
155 770 1
155 951 1
156 163 1
156 184 1
156 214 1
156 222 1
156 225 1
156 229 1
156 243 1
156 282 1
156 349 1
156 463 1
156 500 1
156 549 1
156 559 1
156 580 1
156 622 1
156 633 1
156 642 1
156 647 1
156 658 1
156 766 1
156 782 1
156 793 1
156 825 1
156 832 1
156 861 1
156 862 1
156 875 1
156 954 1
156 965 1
156 977 2
156 996 1
157 461 1
157 626 1
157 810 1
157 978 1
158 337 1
158 343 1
158 378 1
158 396 1
158 425 1
158 521 1
158 530 1
158 539 1
158 559 1
158 576 1
158 595 2
158 636 1
158 639 1
158 688 1
158 691 1
158 693 1
158 751 1
158 755 1
158 781 2
158 802 1
158 835 1
158 854 1
158 883 2
158 942 1
158 961 1
158 991 1
159 303 1
159 331 1
159 508 1
159 546 1
159 787 1
159 865 1
160 166 1
160 172 1
160 303 1
160 815 1
161 212 1
161 284 1
161 459 1
161 588 1
161 786 1
161 817 1
161 818 1
161 830 1
161 931 1
162 216 1
162 370 1
162 481 1
162 786 1
162 963 1
163 171 1
163 218 1
163 430 1
163 461 1
163 472 1
163 745 1
164 234 1
164 251 1
164 266 1
164 291 1
164 325 1
164 347 1
164 367 1
164 386 1
164 445 1
164 451 1
164 458 1
164 468 1
164 473 1
164 477 1
164 500 1
164 512 1
164 519 1
164 554 1
164 557 1
164 560 1
164 593 1
164 599 1
164 618 2
164 627 1
164 628 1
164 648 1
164 654 1
164 669 1
164 680 2
164 768 1
164 801 1
164 820 1
164 864 1
164 872 1
164 913 1
164 920 1
164 958 1
164 987 1
165 237 1
165 320 1
165 350 1
165 392 1
165 420 1
165 434 1
165 441 1
165 485 1
165 489 1
165 557 1
165 582 1
165 619 1
165 620 1
165 636 1
165 654 1
165 674 1
165 728 1
165 732 1
165 747 1
165 791 1
165 847 1
165 872 1
165 912 1
165 917 1
165 939 1
165 958 1
165 961 1
165 977 2
166 185 1
166 187 1
166 200 1
166 227 1
166 252 1
166 308 1
166 395 1
166 404 1
166 411 1
166 429 1
166 464 1
166 514 1
166 519 1
166 533 1
166 558 1
166 589 1
166 669 1
166 672 1
166 685 1
166 756 1
166 774 1
166 824 1
166 844 1
166 845 1
166 854 1
166 895 1
166 904 2
166 938 1
166 976 1
166 999 1
167 195 1
167 298 1
167 415 1
167 459 1
167 486 1
167 588 1
168 171 1
168 284 1
168 303 1
168 683 1
168 815 1
168 904 1
169 176 1
169 189 1
169 230 1
169 246 1
169 333 1
169 388 1
169 390 1
169 411 1
169 430 2
169 480 1
169 500 1
169 511 1
169 522 1
169 525 1
169 559 1
169 565 1
169 577 1
169 617 1
169 648 1
169 673 1
169 687 1
169 688 1
169 714 1
169 717 1
169 744 1
169 752 1
169 810 2
169 829 1
169 855 1
169 871 1
169 887 1
169 919 1
169 929 1
169 972 1
169 991 1
170 254 1
170 259 1
170 297 1
170 398 1
170 509 1
170 992 1
171 300 1
171 306 1
171 308 1
171 342 1
171 349 1
171 375 1
171 388 1
171 430 2
171 443 1
171 484 1
171 494 1
171 536 1
171 538 1
171 542 1
171 543 1
171 624 1
171 631 1
171 643 1
171 662 1
171 696 1
171 719 1
171 753 1
171 756 1
171 802 1
171 846 1
171 919 1
171 941 1
172 176 1
172 179 1
172 239 1
172 316 1
172 325 1
172 376 1
172 472 2
172 564 1
172 620 1
172 684 1
172 723 1
172 802 1
172 869 1
172 904 2
172 917 1
172 932 1
172 933 1
173 191 1
173 234 1
173 237 1
173 242 2
173 266 1
173 293 1
173 320 1
173 389 1
173 406 1
173 413 1
173 426 1
173 444 1
173 458 1
173 478 1
173 499 1
173 500 1
173 523 1
173 537 1
173 591 1
173 606 1
173 619 1
173 681 1
173 766 1
173 792 1
173 889 1
173 904 2
173 905 1
173 911 1
173 932 1
173 941 1
173 994 2
174 212 1
174 415 1
174 430 1
174 697 1
174 946 1
175 423 1
175 486 1
175 508 1
175 634 1
175 660 1
175 683 1
175 726 1
175 781 1
175 1000 1
176 216 1
176 232 1
176 238 1
176 415 1
176 422 1
176 770 1
176 977 1
177 216 1
177 459 1
177 571 1
177 678 1
177 937 1
177 945 1
177 977 1
178 195 1
178 471 1
178 886 1
178 973 1
178 977 1
179 284 1
179 391 1
179 481 1
179 505 1
179 567 1
179 836 1
179 973 1
180 205 1
180 220 1
180 238 2
180 263 1
180 265 1
180 315 1
180 353 1
180 388 1
180 411 1
180 414 1
180 420 1
180 426 1
180 446 1
180 459 2
180 477 1
180 480 1
180 485 1
180 515 1
180 565 1
180 568 1
180 585 1
180 611 2
180 628 1
180 631 1
180 643 1
180 649 1
180 656 1
180 684 1
180 710 1
180 800 1
180 835 1
180 850 1
180 910 1
180 918 1
180 937 2
180 980 2
180 987 1
181 267 1
181 292 1
181 298 1
181 398 1
181 951 1
182 249 1
182 254 1
182 262 1
182 277 1
182 415 1
182 492 1
182 1000 1
183 232 1
183 297 1
183 303 1
183 884 1
183 985 1
184 242 1
184 254 1
184 450 1
184 529 1
184 592 1
184 594 1
184 790 1
184 815 1
184 935 1
184 989 1
184 992 1
185 267 1
185 454 1
185 459 1
185 546 1
185 626 1
185 634 1
185 897 1
186 281 1
186 431 1
186 467 1
186 472 1
186 655 1
186 830 1
187 218 1
187 529 1
187 595 1
187 618 1
187 815 1
187 877 1
188 197 1
188 212 2
188 218 2
188 262 2
188 282 1
188 365 1
188 425 1
188 454 2
188 459 2
188 462 1
188 501 1
188 525 1
188 562 1
188 634 2
188 705 1
188 709 1
188 729 1
188 758 1
188 777 1
188 823 1
188 867 1
188 906 1
188 938 1
188 958 1
189 594 1
189 789 1
190 430 1
190 431 1
190 508 1
190 903 1
190 931 1
191 303 1
191 611 1
191 883 1
192 313 1
192 600 1
192 655 1
192 746 1
192 808 1
192 817 1
192 903 1
193 232 1
193 303 1
193 344 1
193 358 1
193 370 1
193 422 1
193 492 1
193 571 1
193 588 1
193 592 1
193 946 1
193 977 1
194 207 1
194 258 1
194 267 1
194 767 1
195 240 1
195 279 1
195 317 1
195 338 1
195 385 1
195 401 1
195 410 1
195 427 1
195 500 1
195 513 1
195 538 1
195 558 1
195 602 1
195 666 1
195 679 1
195 732 1
195 797 1
195 820 1
195 851 1
195 866 1
195 913 1
195 991 1
195 998 1
196 292 1
196 505 1
196 508 1
196 583 1
196 611 1
196 789 1
197 218 1
197 277 1
197 481 1
197 836 1
197 886 1
198 238 1
198 422 1
198 508 1
198 595 1
198 600 1
198 749 1
198 787 1
198 902 1
198 955 1
199 257 1
199 278 1
199 316 1
199 351 1
199 361 1
199 375 1
199 377 1
199 382 1
199 490 1
199 519 1
199 557 1
199 558 1
199 569 1
199 608 1
199 621 1
199 672 1
199 691 1
199 703 1
199 719 1
199 778 1
199 857 1
199 863 1
199 895 1
199 938 1
199 953 1
199 971 1
199 976 1
199 981 1
200 218 1
200 567 1
200 985 1
201 281 1
201 450 1
201 678 1
201 786 1
201 852 1
201 946 1
201 1000 1
202 505 1
202 592 1
202 836 1
202 903 1
203 422 1
203 508 1
204 209 1
204 232 1
204 391 1
204 770 1
205 303 1
205 331 1
205 430 1
205 931 1
206 529 1
206 567 1
206 600 1
206 678 1
206 877 1
206 955 1
206 973 1
207 228 1
207 300 1
207 324 1
207 430 2
207 442 1
207 446 1
207 478 1
207 552 1
207 557 1
207 564 1
207 572 1
207 574 1
207 606 1
207 616 1
207 658 1
207 706 1
207 743 1
207 792 1
207 855 1
207 867 1
207 878 1
207 921 1
207 961 1
207 975 1
207 994 2
208 660 1
208 677 1
208 790 1
209 222 1
209 223 1
209 276 1
209 289 1
209 320 1
209 355 1
209 391 2
209 590 1
209 603 1
209 633 1
209 707 1
209 731 1
209 758 1
209 763 1
209 795 1
209 797 1
209 803 1
209 828 1
209 839 1
209 840 1
209 847 1
209 859 1
209 876 1
209 882 1
209 928 1
209 947 1
209 987 1
210 212 1
210 232 1
210 380 1
210 450 1
210 579 1
210 594 1
210 745 1
210 940 1
210 952 1
210 994 1
211 588 1
211 595 1
211 817 1
212 214 1
212 222 1
212 236 1
212 384 1
212 394 1
212 479 1
212 505 2
212 545 1
212 555 1
212 573 1
212 605 1
212 693 1
212 748 1
212 776 1
212 864 1
212 881 1
212 907 1
212 939 1
212 968 1
212 984 1
213 247 1
213 415 1
213 467 1
213 690 1
213 697 1
213 770 1
213 877 1
213 909 1
213 992 1
214 259 1
214 267 1
214 297 1
214 571 1
214 626 1
214 804 1
214 897 1
214 993 1
215 285 1
215 290 1
215 319 1
215 360 1
215 363 1
215 371 1
215 379 1
215 392 1
215 395 1
215 434 1
215 442 1
215 471 2
215 480 1
215 482 1
215 504 1
215 508 2
215 519 1
215 520 1
215 576 1
215 653 1
215 696 1
215 701 1
215 731 1
215 744 1
215 762 1
215 792 1
215 793 1
215 799 1
215 873 1
215 890 1
215 922 1
215 942 1
215 943 1
215 969 1
215 975 1
216 227 1
216 231 1
216 240 1
216 252 1
216 278 1
216 289 1
216 318 1
216 341 1
216 393 1
216 395 1
216 409 1
216 505 2
216 506 1
216 561 2
216 569 1
216 610 1
216 656 1
216 661 1
216 665 1
216 676 1
216 686 1
216 702 1
216 712 1
216 718 1
216 746 2
216 794 1
216 796 1
216 812 1
216 917 1
216 969 1
217 380 1
217 579 1
217 655 1
217 690 1
217 790 1
217 830 1
217 973 1
217 993 1
218 261 1
218 349 1
218 382 1
218 408 1
218 427 1
218 435 1
218 458 1
218 497 1
218 580 1
218 596 1
218 619 1
218 636 1
218 700 1
218 714 1
218 720 1
218 783 1
218 789 2
218 820 1
218 882 1
218 958 1
218 994 2
218 996 1
219 529 1
219 883 1
219 985 1
220 391 1
220 481 1
220 486 1
221 277 1
221 817 1
221 955 1
221 994 1
222 509 1
222 518 1
222 683 1
222 690 1
222 697 1
222 789 1
222 883 1
222 931 1
222 966 1
223 431 1
223 508 1
224 232 1
224 242 1
224 249 1
224 267 1
224 884 1
225 242 1
225 678 1
225 745 1
225 807 1
225 909 1
226 238 1
226 583 1
226 690 1
226 865 1
227 242 1
227 267 1
227 370 1
227 471 1
227 481 1
227 486 1
227 592 1
227 611 1
227 810 1
227 813 1
227 931 1
228 259 1
228 588 1
228 618 1
228 989 1
229 431 1
229 472 1
229 770 1
229 897 1
230 292 1
230 398 1
230 471 1
230 583 1
230 600 1
230 660 1
230 726 1
230 810 1
230 852 1
230 865 1
231 331 1
231 344 1
231 746 1
231 897 1
232 269 1
232 316 1
232 317 1
232 320 1
232 362 1
232 419 1
232 445 1
232 451 1
232 463 1
232 483 1
232 507 1
232 550 1
232 566 1
232 570 1
232 587 1
232 616 1
232 619 1
232 621 1
232 622 1
232 646 1
232 684 1
232 719 1
232 736 1
232 817 2
232 835 1
232 854 1
232 915 1
232 942 1
232 964 2
232 992 2
233 292 1
233 433 1
233 595 1
233 634 1
233 677 1
233 966 1
234 467 1
234 518 1
234 583 1
234 683 1
234 808 1
234 903 1
234 935 1
235 267 1
235 618 1
235 690 1
235 746 1
236 380 1
236 509 1
236 571 1
236 815 1
236 931 1
236 936 1
236 951 1
237 303 1
237 815 1
237 818 1
237 946 1
238 239 1
238 290 1
238 371 1
238 379 1
238 432 1
238 446 1
238 496 1
238 528 1
238 542 1
238 549 1
238 584 1
238 601 1
238 682 1
238 735 1
238 765 1
238 858 1
238 860 1
238 879 1
238 898 1
238 938 1
238 968 1
239 277 1
239 284 1
239 358 1
239 430 1
239 467 1
239 508 1
239 993 1
240 583 1
240 726 1
240 760 1
240 883 1
241 267 1
241 309 1
241 423 1
241 472 1
241 625 1
242 284 2
242 371 1
242 400 1
242 447 1
242 449 1
242 463 1
242 529 2
242 533 1
242 603 1
242 609 1
242 610 1
242 622 1
242 624 1
242 628 1
242 694 1
242 719 1
242 733 1
242 761 1
242 788 1
242 800 1
242 857 1
242 860 1
242 874 1
242 882 1
242 893 1
242 898 1
242 913 1
242 934 1
242 935 2
242 996 1
243 422 1
243 467 1
243 583 1
243 754 1
243 973 1
243 978 1
244 509 1
244 546 1
244 571 1
244 807 1
245 546 1
245 561 1
245 678 1
245 749 1
245 886 1
245 992 1
246 678 1
246 980 1
247 285 1
247 299 1
247 319 1
247 347 1
247 356 1
247 391 2
247 425 1
247 426 1
247 472 2
247 473 1
247 538 1
247 623 1
247 642 1
247 661 1
247 664 1
247 742 1
247 744 1
247 748 1
247 758 1
247 762 1
247 773 1
247 781 2
247 828 1
247 856 1
247 932 1
247 972 1
248 508 1
248 583 1
248 680 1
248 903 1
248 909 1
248 952 1
248 955 1
249 271 1
249 275 1
249 285 1
249 315 1
249 347 1
249 355 1
249 375 1
249 388 1
249 391 2
249 392 1
249 445 1
249 456 1
249 495 1
249 513 1
249 553 1
249 580 1
249 593 1
249 615 1
249 654 1
249 710 1
249 752 1
249 792 1
249 795 1
249 805 1
249 828 1
249 855 1
249 869 1
249 876 1
249 895 1
249 907 1
249 922 1
250 370 1
250 745 1
250 815 1
250 897 1
250 994 1
251 298 1
251 309 1
251 344 1
251 830 1
251 884 1
251 992 1
252 433 1
252 461 1
252 583 1
252 994 1
253 258 1
253 508 1
253 529 1
253 546 1
253 973 1
253 989 1
254 261 1
254 279 1
254 283 1
254 361 1
254 372 1
254 407 1
254 425 1
254 442 1
254 448 1
254 462 1
254 499 1
254 514 1
254 515 1
254 561 2
254 580 1
254 581 1
254 704 1
254 757 1
254 769 1
254 785 1
254 807 2
254 824 1
254 889 1
254 929 1
255 770 1
255 810 1
255 891 1
256 422 1
256 454 1
256 486 1
256 789 1
257 399 1
257 518 1
257 618 1
257 680 1
257 886 1
258 260 1
258 271 1
258 275 1
258 353 1
258 372 1
258 382 1
258 465 1
258 472 2
258 478 1
258 513 1
258 643 1
258 709 1
258 721 1
258 723 1
258 746 2
258 777 1
258 781 2
258 794 1
258 795 1
258 823 1
258 864 1
258 872 1
258 905 1
258 939 1
258 948 1
258 967 1
258 995 1
258 996 1
259 275 1
259 283 1
259 289 1
259 357 1
259 363 1
259 407 1
259 426 1
259 430 2
259 441 1
259 466 1
259 478 1
259 519 1
259 627 1
259 638 1
259 642 1
259 657 1
259 667 1
259 687 1
259 769 1
259 774 1
259 777 1
259 843 1
259 845 1
259 857 1
259 939 1
259 947 1
260 313 1
260 660 1
260 789 1
260 836 1
260 931 1
260 935 1
261 430 1
261 754 1
261 830 1
261 884 1
261 940 1
261 978 1
262 302 1
262 337 1
262 402 1
262 403 1
262 550 1
262 563 1
262 572 1
262 605 1
262 640 1
262 667 1
262 713 1
262 714 1
262 718 1
262 727 1
262 777 1
262 823 1
262 825 1
262 841 1
262 852 2
262 896 1
262 910 1
262 927 1
262 961 1
262 972 1
263 380 1
263 430 1
263 492 1
263 852 1
263 994 1
264 297 1
264 454 1
264 787 1
264 818 1
264 852 1
264 877 1
264 980 1
265 423 1
265 592 1
265 978 1
266 422 1
266 567 1
266 583 1
266 815 1
266 945 1
266 974 1
266 989 1
267 290 1
267 318 1
267 329 1
267 337 1
267 350 1
267 405 1
267 440 1
267 494 1
267 512 1
267 519 1
267 552 1
267 576 1
267 601 1
267 653 1
267 671 1
267 686 1
267 778 1
267 781 2
267 784 1
267 844 1
267 907 1
267 957 1
267 975 1
267 979 1
268 471 1
268 588 1
268 767 1
268 877 1
268 977 1
269 940 1
269 974 1
270 358 1
270 891 1
270 978 1
271 344 1
271 415 1
271 471 1
271 508 1
271 546 1
272 391 1
272 481 1
272 626 1
272 884 1
272 904 1
272 937 1
272 963 1
273 277 1
273 655 1
273 760 1
273 807 1
273 808 1
273 813 1
273 980 1
274 391 1
274 415 1
274 579 1
274 726 1
274 770 1
274 935 1
274 951 1
274 989 1
275 292 1
275 331 1
275 486 1
275 579 1
276 746 1
276 884 1
276 897 1
276 903 1
276 936 1
277 311 1
277 357 1
277 369 1
277 406 1
277 414 1
277 430 2
277 457 1
277 476 1
277 487 1
277 491 1
277 494 1
277 590 1
277 681 1
277 713 1
277 798 1
277 859 1
277 932 1
278 626 1
278 817 1
278 985 1
279 579 1
279 626 1
279 745 1
280 422 1
280 454 1
280 505 1
280 677 1
280 746 1
280 754 1
280 830 1
280 886 1
280 904 1
281 316 1
281 325 1
281 401 1
281 409 1
281 443 1
281 477 1
281 488 1
281 568 1
281 606 1
281 651 1
281 658 1
281 666 1
281 720 1
281 741 1
281 765 1
281 783 1
281 788 1
281 829 1
281 844 1
281 854 1
281 869 1
281 901 1
281 910 1
281 944 1
281 965 1
281 995 1
282 284 1
282 767 1
282 937 1
282 940 1
283 450 1
283 810 1
283 865 1
283 977 1
284 312 1
284 325 1
284 451 1
284 475 1
284 520 1
284 528 1
284 598 1
284 601 1
284 603 1
284 621 1
284 626 2
284 638 1
284 657 1
284 668 1
284 670 1
284 707 1
284 739 1
284 840 1
284 862 1
284 905 1
284 919 1
284 922 1
284 972 1
285 303 1
285 415 1
285 433 1
285 471 1
285 595 1
285 749 1
285 977 1
285 989 1
286 579 1
286 634 1
286 852 1
286 884 1
286 931 1
286 940 1
286 946 1
286 974 1
287 509 1
287 588 1
287 726 1
287 952 1
287 963 1
287 974 1
288 415 1
288 481 1
288 579 1
288 594 1
288 754 1
289 415 1
289 804 1
289 836 1
289 877 1
289 989 1
289 1000 1
290 344 1
290 472 1
290 529 1
290 571 1
290 877 1
290 903 1
291 461 1
291 508 1
291 611 1
291 618 1
291 680 1
291 690 1
291 813 1
292 308 1
292 310 1
292 318 1
292 356 1
292 367 1
292 376 1
292 386 1
292 387 1
292 413 1
292 457 1
292 466 1
292 531 1
292 532 1
292 551 1
292 557 1
292 580 1
292 590 1
292 595 2
292 607 1
292 688 1
292 709 1
292 712 1
292 732 1
292 743 1
292 748 1
292 755 1
292 794 1
292 853 1
292 874 1
292 939 1
292 952 2
292 965 1
293 380 1
293 481 1
293 865 1
293 883 1
294 415 1
294 588 1
294 634 1
294 813 1
294 836 1
294 980 1
295 415 1
295 567 1
295 726 1
295 985 1
296 481 1
296 625 1
296 678 1
296 754 1
296 936 1
297 314 1
297 321 1
297 361 1
297 362 1
297 397 1
297 401 1
297 408 1
297 497 1
297 501 1
297 526 1
297 528 1
297 546 2
297 559 1
297 570 1
297 586 1
297 589 1
297 644 1
297 651 1
297 671 1
297 673 1
297 681 1
297 692 1
297 700 1
297 721 1
297 722 1
297 741 1
297 772 1
297 791 1
297 827 1
297 839 1
297 847 1
297 873 1
297 889 1
297 901 1
297 994 2
298 349 1
298 469 1
298 474 1
298 505 2
298 527 1
298 538 1
298 565 1
298 576 1
298 584 1
298 597 1
298 636 1
298 670 1
298 722 1
298 756 1
298 812 1
298 839 1
298 912 1
298 934 1
298 955 2
298 969 1
298 985 2
298 998 1
298 999 1
299 611 1
299 815 1
299 955 1
299 980 1
300 422 1
300 754 1
300 760 1
300 935 1
301 303 1
301 611 1
301 660 1
301 891 1
302 579 1
302 611 1
302 985 1
303 381 1
303 402 1
303 441 1
303 443 1
303 491 1
303 522 1
303 528 1
303 553 1
303 569 1
303 615 1
303 623 1
303 651 1
303 661 1
303 729 1
303 737 1
303 771 1
303 775 1
303 779 1
303 888 1
303 969 1
303 971 1
303 976 1
304 423 1
304 567 1
304 618 1
304 726 1
304 883 1
304 989 1
305 865 1
305 951 1
306 546 1
306 781 1
306 807 1
307 430 1
307 467 1
307 973 1
308 508 1
308 588 1
308 634 1
308 745 1
308 808 1
308 810 1
308 946 1
308 985 1
309 345 1
309 376 1
309 500 1
309 511 1
309 528 1
309 547 1
309 582 1
309 586 1
309 607 1
309 667 1
309 686 1
309 771 1
309 773 1
309 776 1
309 779 1
309 821 1
309 825 1
309 860 1
309 894 1
309 922 1
309 930 1
310 331 1
310 471 1
310 529 1
310 697 1
310 789 1
310 940 1
310 951 1
310 964 1
310 973 1
311 423 1
311 690 1
311 807 1
311 994 1
312 399 1
312 561 1
313 329 1
313 336 1
313 383 1
313 387 1
313 468 1
313 482 1
313 491 1
313 527 1
313 531 1
313 546 2
313 593 1
313 617 1
313 619 1
313 666 1
313 751 1
313 765 1
313 794 1
313 805 1
313 832 1
313 841 1
313 874 1
313 879 1
313 910 1
313 919 1
313 950 1
313 956 1
313 960 1
313 985 2
313 994 2
314 571 1
314 583 1
314 904 1
314 989 1
315 486 1
315 660 1
315 883 1
316 931 1
316 974 1
318 399 1
318 588 1
318 884 1
318 977 1
319 467 1
319 518 1
319 600 1
319 690 1
319 767 1
319 865 1
319 977 1
320 655 1
320 865 1
320 963 1
321 431 1
321 561 1
321 903 1
321 935 1
321 985 1
322 344 1
322 450 1
322 655 1
322 726 1
322 789 1
322 865 1
322 903 1
323 505 1
323 611 1
324 422 1
324 459 1
324 461 1
324 481 1
324 588 1
324 655 1
324 746 1
324 754 1
324 787 1
325 423 1
325 471 1
325 472 1
325 492 1
325 567 1
326 399 1
326 567 1
326 588 1
326 749 1
326 815 1
326 897 1
326 955 1
327 546 1
327 588 1
327 594 1
327 625 1
327 746 1
327 886 1
327 964 1
327 977 1
328 430 1
328 680 1
328 690 1
328 817 1
328 836 1
328 903 1
329 518 1
329 592 1
329 807 1
329 883 1
330 683 1
330 690 1
330 781 1
330 815 1
330 865 1
330 951 1
331 334 1
331 415 2
331 421 1
331 444 1
331 448 1
331 465 1
331 480 1
331 500 1
331 504 1
331 511 1
331 514 1
331 520 1
331 533 1
331 585 1
331 606 1
331 615 1
331 622 1
331 641 1
331 662 1
331 702 1
331 714 1
331 803 1
331 809 1
331 816 1
331 821 1
331 852 2
331 904 2
331 920 1
331 922 1
331 934 1
331 939 1
331 965 1
331 967 1
331 979 1
331 985 2
332 415 1
332 508 1
332 660 1
333 430 1
333 518 1
333 726 1
333 807 1
334 433 1
334 461 1
334 749 1
334 813 1
334 952 1
335 358 1
335 422 1
335 492 1
335 567 1
335 571 1
335 697 1
335 754 1
335 770 1
335 886 1
335 936 1
335 966 1
336 431 1
336 461 1
336 471 1
336 518 1
336 677 1
336 974 1
337 903 1
338 790 1
338 931 1
338 946 1
338 951 1
338 964 1
338 977 1
339 492 1
339 678 1
340 481 1
340 808 1
340 886 1
340 902 1
340 952 1
340 993 1
341 454 1
341 600 1
341 677 1
341 697 1
341 746 1
341 931 1
342 380 1
342 518 1
342 781 1
342 951 1
342 955 1
342 963 1
343 398 1
343 518 1
343 529 1
343 980 1
344 363 1
344 407 1
344 411 1
344 434 1
344 442 1
344 500 1
344 506 1
344 532 1
344 612 1
344 627 1
344 630 1
344 668 1
344 753 1
344 784 1
344 818 2
344 855 1
344 886 2
344 895 1
344 948 1
344 957 1
344 986 1
345 810 1
345 937 1
345 985 1
346 415 1
346 459 1
346 594 1
346 677 1
346 770 1
346 945 1
346 973 1
347 509 1
347 583 1
347 595 1
348 600 1
348 746 1
348 804 1
348 935 1
349 561 1
349 625 1
349 626 1
349 877 1
349 886 1
349 964 1
350 571 1
350 891 1
350 904 1
350 980 1
351 677 1
351 787 1
351 810 1
351 852 1
352 789 1
352 883 1
353 625 1
353 678 1
355 450 1
355 594 1
355 781 1
355 897 1
355 935 1
355 985 1
356 634 1
356 697 1
356 891 1
356 903 1
357 579 1
357 594 1
357 618 1
357 746 1
357 749 1
357 952 1
358 383 1
358 386 1
358 408 1
358 488 1
358 531 1
358 536 1
358 555 1
358 556 1
358 591 1
358 597 1
358 598 1
358 666 1
358 694 1
358 719 1
358 723 1
358 734 1
358 835 1
358 858 1
358 915 1
358 921 1
358 957 1
358 991 1
359 486 1
359 571 1
359 683 1
359 993 1
359 1000 1
360 450 1
360 459 1
360 509 1
360 625 1
360 697 1
360 836 1
360 865 1
361 787 1
361 877 1
361 955 1
362 454 1
362 883 1
362 966 1
363 508 1
363 611 1
363 680 1
363 746 1
363 754 1
363 902 1
364 423 1
364 431 1
364 454 1
364 481 1
364 595 1
364 945 1
365 677 1
365 865 1
365 955 1
366 423 1
366 518 1
366 529 1
366 626 1
366 786 1
366 985 1
366 993 1
367 481 1
367 980 1
368 431 1
368 595 1
368 789 1
369 472 1
369 592 1
369 625 1
369 749 1
369 980 1
369 985 1
370 377 1
370 385 1
370 515 1
370 523 1
370 542 1
370 598 1
370 631 1
370 642 1
370 658 1
370 666 1
370 713 1
370 746 2
370 765 1
370 776 1
370 805 1
370 806 1
370 816 1
370 822 1
370 826 1
370 843 1
370 870 1
370 907 1
370 915 1
370 947 1
370 977 2
370 986 1
371 472 1
371 726 1
371 760 1
371 786 1
371 964 1
372 450 1
372 571 1
372 592 1
372 634 1
372 683 1
372 726 1
372 940 1
373 595 1
373 836 1
373 865 1
374 745 1
374 978 1
375 678 1
375 787 1
375 808 1
375 852 1
375 865 1
375 931 1
375 964 1
376 399 1
376 481 1
376 746 1
376 760 1
376 852 1
376 897 1
377 561 1
377 836 1
378 518 1
378 592 1
378 886 1
378 952 1
379 380 1
379 399 1
379 471 1
380 429 1
380 435 1
380 445 1
380 468 1
380 497 1
380 502 1
380 527 1
380 605 1
380 614 1
380 666 1
380 693 1
380 722 1
380 723 1
380 802 1
380 809 1
380 823 1
380 835 1
380 843 1
380 867 1
380 917 1
380 939 1
380 950 1
380 973 2
381 749 1
381 781 1
382 430 1
382 749 1
382 830 1
382 992 1
383 415 1
383 459 1
383 618 1
383 817 1
383 964 1
384 461 1
384 634 1
384 745 1
384 966 1
385 454 1
385 680 1
385 690 1
385 749 1
385 781 1
385 815 1
385 852 1
385 883 1
385 891 1
385 909 1
386 481 1
386 690 1
386 790 1
386 818 1
386 884 1
386 891 1
387 398 1
387 399 1
387 430 1
387 505 1
387 561 1
387 625 1
387 790 1
388 450 1
388 935 1
389 472 1
389 678 1
389 754 1
389 807 1
389 836 1
389 964 1
390 626 1
390 754 1
390 952 1
391 412 1
391 445 1
391 460 1
391 533 1
391 570 1
391 571 2
391 585 1
391 693 1
391 731 1
391 763 1
391 766 1
391 797 1
391 805 1
391 825 1
391 828 1
391 848 1
391 853 1
391 860 1
391 862 1
391 875 1
391 888 1
391 917 1
391 931 2
391 942 1
391 963 2
391 970 1
391 976 1
391 995 1
392 454 1
392 660 1
392 903 1
393 492 1
393 760 1
393 781 1
393 786 1
393 815 1
394 678 1
394 680 1
394 836 1
394 946 1
395 588 1
395 625 1
395 891 1
395 963 1
396 810 1
396 815 1
396 897 1
396 951 1
396 992 1
397 450 1
397 461 1
397 486 1
397 561 1
397 936 1
397 940 1
397 952 1
398 452 1
398 458 1
398 474 1
398 475 1
398 496 1
398 562 1
398 643 1
398 694 1
398 699 1
398 701 1
398 710 1
398 711 1
398 727 1
398 752 1
398 809 1
398 831 1
398 840 1
398 876 1
398 893 1
398 938 1
398 975 1
398 977 2
399 406 1
399 434 1
399 449 1
399 468 1
399 502 1
399 512 1
399 524 1
399 544 1
399 555 1
399 612 1
399 663 1
399 687 1
399 746 2
399 766 1
399 776 1
399 893 1
399 894 1
399 925 1
399 927 1
399 958 1
400 454 1
400 471 1
400 509 1
400 546 1
400 790 1
400 808 1
400 877 1
401 433 1
401 467 1
401 588 1
401 678 1
401 904 1
402 492 1
402 625 1
402 634 1
402 891 1
402 951 1
402 978 1
403 430 1
403 830 1
404 815 1
404 946 1
404 973 1
404 993 1
405 781 1
405 974 1
406 415 1
406 611 1
406 634 1
406 660 1
406 865 1
407 423 1
407 433 1
407 767 1
407 993 1
408 505 1
408 592 1
408 655 1
408 818 1
408 931 1
409 529 1
409 678 1
409 940 1
409 952 1
410 450 1
410 472 1
410 486 1
410 508 1
410 655 1
410 746 1
410 789 1
410 836 1
410 877 1
410 902 1
411 594 1
411 625 1
411 787 1
411 865 1
411 952 1
412 678 1
412 789 1
413 461 1
414 431 1
414 789 1
415 431 2
415 433 2
415 460 1
415 501 1
415 530 1
415 537 1
415 592 2
415 633 1
415 655 2
415 696 1
415 703 1
415 755 1
415 820 1
415 854 1
415 861 1
415 924 1
415 933 1
415 954 1
415 957 1
415 968 1
415 990 1
415 998 1
416 471 1
416 594 1
416 626 1
416 810 1
416 865 1
417 830 1
417 852 1
417 891 1
418 787 1
418 789 1
418 886 1
418 952 1
419 579 1
419 790 1
419 978 1
419 980 1
419 992 1
420 461 1
420 680 1
421 571 1
421 697 1
421 830 1
421 973 1
421 993 1
422 512 1
422 544 1
422 557 1
422 573 1
422 589 1
422 590 1
422 602 1
422 621 1
422 646 1
422 648 1
422 657 1
422 710 1
422 769 1
422 826 1
422 829 1
422 893 1
423 428 1
423 482 1
423 510 1
423 511 1
423 523 1
423 543 1
423 552 1
423 596 1
423 610 1
423 650 1
423 689 1
423 766 1
423 774 1
423 785 1
423 839 1
423 858 1
423 873 1
423 874 1
423 888 1
423 917 1
423 958 1
424 459 1
424 472 1
424 595 1
424 937 1
425 678 1
426 529 1
426 571 1
427 940 1
427 963 1
428 561 1
428 903 1
429 567 1
429 680 1
429 690 1
429 749 1
429 786 1
429 994 1
430 441 1
430 445 1
430 451 1
430 508 2
430 523 1
430 535 1
430 536 1
430 568 1
430 598 1
430 632 1
430 662 1
430 664 1
430 676 1
430 715 1
430 716 1
430 727 1
430 767 2
430 799 1
430 843 1
430 875 1
430 903 2
430 911 1
430 921 1
430 922 1
430 933 1
430 971 1
430 988 1
431 442 1
431 491 1
431 516 1
431 534 1
431 548 1
431 619 1
431 644 1
431 661 1
431 693 1
431 696 1
431 747 1
431 753 1
431 825 1
431 887 1
431 889 1
431 890 1
431 893 1
431 910 1
431 949 1
432 790 1
432 815 1
432 865 1
432 904 1
432 989 1
433 458 1
433 468 1
433 513 1
433 534 1
433 552 1
433 554 1
433 607 1
433 630 1
433 679 1
433 696 1
433 752 1
433 800 1
433 844 1
433 857 1
433 873 1
433 919 1
433 962 1
433 979 1
433 995 1
434 459 1
434 952 1
435 897 1
436 472 1
436 936 1
437 472 1
437 579 1
437 810 1
438 505 1
438 973 1
438 980 1
439 459 1
439 660 1
439 767 1
439 781 1
439 787 1
439 909 1
439 945 1
440 492 1
440 594 1
440 980 1
441 973 1
442 749 1
442 992 1
443 450 1
443 877 1
444 546 1
445 461 1
445 787 1
445 830 1
445 955 1
445 964 1
446 481 1
446 486 1
446 529 1
446 579 1
446 781 1
446 884 1
446 985 1
447 459 1
447 461 1
447 571 1
447 680 1
447 852 1
447 940 1
448 492 1
448 595 1
449 749 1
449 790 1
449 810 1
449 836 1
449 884 1
449 994 1
450 451 1
450 490 1
450 493 1
450 524 1
450 537 1
450 544 1
450 550 1
450 593 1
450 605 1
450 616 1
450 654 1
450 659 1
450 663 1
450 679 1
450 689 1
450 757 1
450 762 1
450 788 1
450 821 1
450 947 1
450 970 1
450 990 1
451 683 1
451 891 1
451 909 1
452 625 1
452 781 1
452 865 1
452 946 1
452 985 1
453 518 1
453 678 1
453 680 1
453 781 1
453 865 1
453 909 1
453 936 1
453 966 1
454 474 1
454 482 1
454 505 2
454 545 1
454 561 2
454 593 1
454 609 1
454 644 1
454 674 1
454 686 1
454 739 1
454 747 1
454 773 1
454 795 1
454 798 1
454 822 1
454 828 1
454 874 1
454 923 1
455 677 1
455 787 1
455 836 1
455 936 1
455 952 1
456 492 1
456 595 1
456 749 1
456 760 1
456 810 1
457 697 1
457 749 1
457 781 1
457 836 1
457 884 1
457 955 1
457 985 1
458 726 1
458 789 1
458 830 1
458 935 1
459 495 1
459 551 1
459 630 1
459 632 1
459 641 1
459 668 1
459 710 1
459 792 1
459 795 1
459 810 2
459 811 1
459 823 1
459 855 1
459 861 1
459 900 1
459 906 1
459 923 1
459 934 1
459 959 1
459 979 1
459 985 2
459 988 1
460 611 1
460 897 1
461 476 1
461 528 1
461 542 1
461 546 2
461 560 1
461 630 1
461 774 1
461 776 1
461 788 1
461 800 1
461 806 1
461 837 1
461 852 2
461 914 1
461 956 1
461 988 1
461 995 1
462 994 1
463 567 1
463 600 1
463 680 1
463 935 1
463 989 1
463 994 1
464 561 1
464 626 1
464 781 1
464 955 1
464 973 1
465 481 1
465 518 1
465 594 1
465 810 1
466 683 1
466 830 1
466 980 1
467 472 2
467 490 1
467 499 1
467 550 1
467 566 1
467 596 1
467 605 1
467 615 1
467 652 1
467 679 1
467 687 1
467 699 1
467 724 1
467 742 1
467 773 1
467 776 1
467 778 1
467 806 1
467 814 1
467 823 1
467 882 1
467 943 1
467 965 1
468 815 1
469 807 1
469 886 1
470 690 1
470 937 1
470 980 1
470 985 1
471 601 1
471 631 1
471 636 1
471 672 1
471 681 1
471 765 1
471 789 2
471 802 1
471 855 1
471 869 1
471 879 1
471 907 1
471 920 1
471 921 1
471 934 1
471 944 1
471 949 1
472 479 1
472 487 1
472 495 1
472 640 1
472 666 1
472 674 1
472 695 1
472 712 1
472 745 2
472 753 1
472 754 2
472 759 1
472 786 2
472 801 1
472 811 1
472 831 1
472 832 1
472 838 1
472 881 1
472 905 1
472 932 1
472 934 1
472 961 1
472 964 2
472 967 1
472 988 1
472 999 1
473 588 1
473 884 1
473 909 1
473 936 1
473 974 1
473 992 1
474 726 1
474 754 1
474 852 1
474 945 1
475 561 1
475 886 1
476 509 1
476 830 1
476 852 1
476 931 1
476 955 1
476 964 1
476 973 1
477 677 1
477 770 1
477 974 1
478 877 1
479 931 1
479 980 1
480 807 1
480 931 1
481 494 1
481 498 1
481 533 1
481 586 1
481 619 1
481 627 1
481 629 1
481 632 1
481 635 1
481 637 1
481 690 2
481 691 1
481 703 1
481 712 1
481 741 1
481 765 1
481 778 1
481 791 1
481 812 1
481 843 1
481 960 1
482 634 1
482 790 1
482 903 1
483 973 1
484 680 1
484 883 1
485 815 1
485 883 1
486 489 1
486 542 1
486 551 1
486 573 1
486 585 1
486 601 1
486 613 1
486 656 1
486 685 1
486 748 1
486 761 1
486 765 1
486 789 2
486 795 1
486 814 1
486 818 2
486 837 1
486 846 1
486 908 1
486 933 1
486 950 1
487 600 1
487 634 1
487 680 1
487 697 1
487 836 1
488 518 1
488 678 1
488 936 1
488 952 1
489 655 1
489 690 1
490 561 1
490 789 1
490 884 1
490 902 1
491 952 1
492 495 1
492 507 1
492 524 1
492 535 1
492 545 1
492 548 1
492 564 1
492 586 1
492 612 1
492 630 1
492 656 1
492 694 1
492 717 1
492 772 1
492 776 1
492 788 1
492 837 1
492 876 1
492 887 1
492 960 1
492 997 1
492 999 1
493 529 1
493 600 1
493 677 1
493 818 1
493 830 1
494 634 1
494 697 1
494 807 1
495 903 1
495 992 1
496 770 1
496 937 1
496 989 1
497 600 1
497 817 1
497 909 1
497 951 1
497 977 1
498 830 1
498 897 1
499 678 1
499 789 1
499 813 1
500 594 1
500 786 1
501 936 1
501 951 1
502 508 1
502 579 1
502 680 1
502 836 1
502 951 1
503 509 1
503 546 1
503 807 1
504 567 1
504 754 1
504 865 1
505 553 1
505 556 1
505 604 1
505 612 1
505 631 1
505 691 1
505 776 1
505 778 1
505 903 2
505 965 1
505 975 1
505 981 1
505 982 1
505 992 2
505 998 1
506 561 1
506 592 1
506 904 1
507 683 1
508 555 1
508 586 1
508 679 1
508 710 1
508 711 1
508 715 1
508 716 1
508 742 1
508 753 1
508 755 1
508 768 1
508 818 2
508 943 1
508 977 2
508 990 1
509 511 1
509 536 1
509 558 1
509 575 1
509 586 1
509 628 1
509 666 1
509 759 1
509 765 1
509 823 1
509 846 1
509 893 1
509 901 1
509 998 1
510 690 1
510 760 1
510 904 1
510 946 1
510 985 1
511 579 1
511 626 1
511 1000 1
512 600 1
512 951 1
513 787 1
513 904 1
513 951 1
515 571 1
515 634 1
516 852 1
516 909 1
516 945 1
516 951 1
517 546 1
517 813 1
517 877 1
517 951 1
518 550 1
518 584 1
518 595 2
518 643 1
518 645 1
518 664 1
518 692 1
518 698 1
518 704 1
518 708 1
518 793 1
518 807 2
518 810 2
518 837 1
518 840 1
518 885 1
519 865 1
519 877 1
520 746 1
520 852 1
520 963 1
520 980 1
521 579 1
521 789 1
521 903 1
522 804 1
522 808 1
522 937 1
522 952 1
523 561 1
523 660 1
523 697 1
523 992 1
524 567 1
524 594 1
524 595 1
524 626 1
524 952 1
524 966 1
525 618 1
525 781 1
525 790 1
525 807 1
525 813 1
525 955 1
526 952 1
526 974 1
527 677 1
527 678 1
527 951 1
528 883 1
528 973 1
528 1000 1
529 538 1
529 550 1
529 557 1
529 685 1
529 693 1
529 799 1
529 848 1
529 876 1
530 815 1
531 546 1
531 891 1
531 989 1
532 546 1
532 625 1
532 746 1
532 964 1
532 980 1
533 595 1
534 817 1
534 852 1
534 902 1
534 931 1
535 883 1
536 690 1
536 697 1
536 818 1
536 935 1
537 678 1
537 690 1
537 804 1
537 963 1
538 808 1
538 818 1
538 952 1
539 749 1
539 767 1
539 935 1
540 807 1
540 815 1
540 936 1
540 945 1
541 595 1
541 746 1
541 891 1
542 817 1
542 891 1
542 946 1
542 980 1
543 561 1
543 877 1
543 963 1
543 973 1
543 978 1
543 989 1
544 594 1
544 683 1
544 883 1
545 579 1
545 690 1
545 817 1
545 931 1
546 553 1
546 572 1
546 605 1
546 665 1
546 682 1
546 699 1
546 721 1
546 784 1
546 788 1
546 801 1
546 804 2
546 834 1
546 836 2
546 838 1
546 857 1
546 909 2
546 925 1
546 940 2
546 965 1
546 979 1
546 991 1
547 588 1
547 625 1
547 891 1
548 804 1
548 964 1
548 978 1
548 985 1
549 940 1
549 989 1
550 600 1
550 808 1
550 964 1
550 966 1
551 804 1
551 955 1
552 883 1
553 583 1
553 781 1
553 804 1
553 877 1
553 903 1
553 955 1
553 973 1
554 595 1
554 726 1
554 790 1
554 815 1
554 877 1
554 945 1
555 571 1
555 852 1
555 884 1
555 963 1
555 966 1
556 594 1
556 595 1
556 746 1
556 770 1
556 790 1
556 815 1
556 936 1
556 964 1
556 994 1
557 952 1
558 781 1
558 807 1
558 891 1
558 980 1
559 634 1
559 830 1
559 951 1
560 626 1
560 883 1
560 940 1
560 978 1
560 980 1
561 591 1
561 602 1
561 641 1
561 647 1
561 664 1
561 680 2
561 701 1
561 739 1
561 750 1
561 795 1
561 821 1
561 844 1
561 874 1
561 881 1
561 901 1
561 908 1
561 930 1
561 931 2
561 950 1
561 976 1
561 988 1
561 997 1
562 781 1
562 1000 1
563 583 1
563 726 1
563 807 1
563 808 1
563 977 1
564 583 1
564 594 1
564 789 1
565 767 1
565 789 1
565 815 1
566 567 1
566 579 1
566 618 1
566 781 1
566 789 1
566 817 1
566 836 1
566 985 1
566 989 1
566 993 1
567 570 1
567 576 1
567 615 1
567 645 1
567 690 2
567 753 1
567 781 2
567 835 1
567 858 1
567 866 1
567 922 1
567 968 1
567 976 1
567 977 2
567 979 1
567 986 1
568 886 1
568 989 1
569 992 1
570 749 1
570 808 1
570 978 1
571 612 1
571 628 1
571 662 1
571 668 1
571 687 1
571 700 1
571 713 1
571 752 1
571 764 1
571 788 1
571 811 1
571 822 1
571 843 1
571 867 1
571 926 1
571 947 1
571 971 1
572 726 1
573 781 1
573 790 1
573 931 1
573 1000 1
574 634 1
574 749 1
574 946 1
575 680 1
575 746 1
576 611 1
576 726 1
576 746 1
576 951 1
577 985 1
577 1000 1
578 789 1
578 830 1
579 607 1
579 628 1
579 638 1
579 644 1
579 693 1
579 695 1
579 738 1
579 761 1
579 820 1
579 863 1
579 874 1
579 893 1
580 690 1
580 951 1
580 973 1
581 655 1
581 754 1
581 767 1
581 804 1
581 883 1
581 955 1
582 770 1
582 836 1
582 884 1
583 599 1
583 667 1
583 699 1
583 717 1
583 742 1
583 805 1
583 820 1
583 828 1
583 905 1
583 907 1
583 913 1
583 917 1
583 922 1
583 932 1
583 941 1
583 975 1
583 984 1
584 807 1
585 595 1
585 680 1
585 904 1
585 937 1
585 973 1
585 978 1
586 595 1
586 813 1
586 946 1
586 994 1
587 963 1
587 985 1
588 591 1
588 637 1
588 720 1
588 761 1
588 805 1
588 820 1
588 868 1
588 874 1
589 592 1
589 678 1
589 770 1
589 937 1
590 902 1
590 973 1
591 810 1
591 935 1
591 966 1
591 973 1
591 977 1
592 681 1
592 700 1
592 708 1
592 756 1
592 799 1
592 825 1
592 890 1
592 948 1
592 950 1
592 979 1
593 807 1
593 977 1
594 610 1
594 620 1
594 714 1
594 751 1
594 785 1
594 791 1
594 816 1
594 868 1
594 883 2
594 930 1
594 960 1
595 601 1
595 629 1
595 661 1
595 672 1
595 681 1
595 698 1
595 720 1
595 725 1
595 771 1
595 773 1
595 778 1
595 785 1
595 793 1
595 830 2
595 834 1
595 840 1
595 858 1
595 870 1
595 884 2
595 896 1
595 905 1
595 912 1
595 937 2
595 965 1
595 992 2
596 626 1
596 767 1
596 980 1
596 992 1
597 690 1
597 808 1
597 891 1
597 963 1
598 807 1
598 884 1
598 1000 1
599 804 1
600 619 1
600 710 1
600 784 1
600 800 1
600 832 1
600 842 1
600 843 1
600 855 1
600 856 1
600 872 1
600 890 1
600 925 1
600 990 1
601 626 1
601 804 1
601 903 1
602 787 1
602 836 1
602 935 1
603 978 1
603 1000 1
604 660 1
604 690 1
604 770 1
604 818 1
604 902 1
604 940 1
604 952 1
605 677 1
605 770 1
605 789 1
605 886 1
606 746 1
606 830 1
606 935 1
606 952 1
607 902 1
607 935 1
608 634 1
608 951 1
609 625 1
609 745 1
609 992 1
610 789 1
610 897 1
610 904 1
611 623 1
611 628 1
611 650 1
611 682 1
611 753 1
611 764 1
611 788 1
611 792 1
611 826 1
611 892 1
611 919 1
611 965 1
611 990 1
612 754 1
612 767 1
612 891 1
612 963 1
613 904 1
613 1000 1
614 810 1
615 626 1
615 877 1
615 902 1
615 909 1
615 963 1
616 634 1
616 678 1
616 945 1
616 964 1
616 974 1
617 678 1
617 931 1
617 985 1
618 672 1
618 682 1
618 740 1
618 795 1
618 814 1
618 826 1
618 842 1
618 844 1
618 856 1
618 880 1
618 882 1
618 905 1
618 917 1
619 660 1
619 946 1
619 973 1
619 1000 1
622 680 1
622 745 1
623 897 1
623 902 1
623 903 1
623 977 1
624 754 1
624 807 1
624 904 1
624 931 1
624 985 1
625 651 1
625 666 1
625 721 1
625 797 1
625 811 1
625 848 1
625 869 1
625 888 1
625 899 1
625 922 1
625 926 1
625 965 1
625 968 1
625 987 1
626 629 1
626 693 1
626 697 2
626 713 1
626 729 1
626 773 1
626 822 1
626 826 1
626 871 1
626 944 1
626 959 1
626 980 2
626 993 2
627 815 1
627 818 1
627 977 1
628 810 1
628 891 1
629 683 1
629 749 1
629 955 1
630 886 1
630 966 1
631 749 1
631 754 1
631 830 1
631 993 1
632 677 1
632 749 1
632 790 1
633 786 1
633 807 1
634 636 1
634 667 1
634 702 1
634 837 1
634 860 1
634 906 1
634 938 1
634 958 1
635 789 1
635 836 1
635 940 1
636 680 1
636 787 1
636 886 1
636 992 1
637 781 1
637 951 1
637 974 1
638 883 1
638 886 1
639 754 1
639 818 1
640 946 1
640 985 1
641 678 1
642 815 1
642 951 1
642 955 1
643 660 1
643 749 1
643 836 1
643 902 1
643 952 1
643 963 1
643 974 1
644 836 1
644 884 1
645 690 1
645 781 1
645 808 1
645 830 1
645 897 1
645 955 1
645 989 1
645 993 1
646 865 1
647 746 1
647 790 1
647 964 1
648 749 1
648 781 1
648 787 1
648 789 1
648 897 1
648 946 1
648 951 1
649 781 1
649 804 1
649 813 1
649 836 1
649 902 1
650 655 1
650 660 1
652 818 1
653 690 1
653 897 1
653 937 1
654 886 1
654 946 1
654 1000 1
655 679 1
655 708 1
655 721 1
655 775 1
655 801 1
655 823 1
655 838 1
655 867 1
655 886 2
655 913 1
655 924 1
655 933 1
655 943 1
655 957 1
655 986 1
656 678 1
656 683 1
656 745 1
656 903 1
656 904 1
657 815 1
657 865 1
657 903 1
657 955 1
657 966 1
658 680 1
658 974 1
658 994 1
659 810 1
659 978 1
660 725 1
660 737 1
660 793 1
660 883 2
660 929 1
660 932 1
660 996 1
662 726 1
662 790 1
662 952 1
663 810 1
664 877 1
664 964 1
664 980 1
665 818 1
665 945 1
666 852 1
666 937 1
666 940 1
666 964 1
666 994 1
667 770 1
667 790 1
667 804 1
667 865 1
667 891 1
667 931 1
667 973 1
667 978 1
668 745 1
668 886 1
668 909 1
668 973 1
669 680 1
669 945 1
670 865 1
670 931 1
670 945 1
670 985 1
671 678 1
671 909 1
671 951 1
671 992 1
672 909 1
673 677 1
673 883 1
674 726 1
674 787 1
674 815 1
674 937 1
674 993 1
675 760 1
675 770 1
675 817 1
675 891 1
676 786 1
676 787 1
676 810 1
676 989 1
677 742 1
677 759 1
677 797 1
677 821 1
677 840 1
677 849 1
677 854 1
677 943 1
677 962 1
677 970 1
677 997 1
678 731 1
678 751 1
678 758 1
678 809 1
678 814 1
678 819 1
678 833 1
678 843 1
678 861 1
678 875 1
678 876 1
678 878 1
678 915 1
678 930 1
678 958 1
678 964 2
678 967 1
678 993 2
679 767 1
679 818 1
679 931 1
679 940 1
679 963 1
679 992 1
680 708 1
680 709 1
680 712 1
680 730 1
680 809 1
680 820 1
680 843 1
680 875 1
680 885 1
680 895 1
680 899 1
680 915 1
680 919 1
680 948 1
680 954 1
680 959 1
680 965 1
680 977 2
680 984 1
681 781 1
681 952 1
681 963 1
681 974 1
682 790 1
682 804 1
683 712 1
683 715 1
683 724 1
683 755 1
683 827 1
683 862 1
683 895 1
683 934 1
683 948 1
683 998 1
684 745 1
684 790 1
684 903 1
685 836 1
685 886 1
685 973 1
685 974 1
686 985 1
686 992 1
687 817 1
687 865 1
687 904 1
687 993 1
688 946 1
688 952 1
688 977 1
689 690 1
690 692 1
690 725 1
690 755 1
690 805 1
690 851 1
690 869 1
690 924 1
690 963 2
691 884 1
691 897 1
692 936 1
693 746 1
694 790 1
695 952 1
696 936 1
697 705 1
697 731 1
697 743 1
697 758 1
697 791 1
697 794 1
697 801 1
697 818 2
697 860 1
697 871 1
697 889 1
698 770 1
698 909 1
698 964 1
698 989 1
699 815 1
699 940 1
699 977 1
699 978 1
700 808 1
700 904 1
700 980 1
700 985 1
700 994 1
701 749 1
701 985 1
702 749 1
702 877 1
702 883 1
702 994 1
703 804 1
703 897 1
703 952 1
704 964 1
704 985 1
705 935 1
706 754 1
706 815 1
707 985 1
708 891 1
708 904 1
709 937 1
710 770 1
710 891 1
710 937 1
711 770 1
711 883 1
711 936 1
711 964 1
712 789 1
713 810 1
713 940 1
714 726 1
714 883 1
714 886 1
715 830 1
715 955 1
715 977 1
716 985 1
717 781 1
717 964 1
719 781 1
720 746 1
720 1000 1
721 964 1
722 790 1
722 891 1
722 993 1
723 804 1
723 904 1
724 951 1
724 955 1
724 963 1
724 980 1
724 989 1
725 810 1
725 955 1
726 727 1
726 741 1
726 750 1
726 781 2
726 805 1
726 807 2
726 825 1
726 832 1
726 863 1
726 876 1
726 890 1
726 892 1
726 905 1
726 915 1
727 936 1
728 994 1
729 746 1
729 985 1
730 790 1
730 807 1
730 952 1
732 985 1
732 989 1
733 760 1
733 937 1
733 946 1
733 1000 1
734 977 1
736 815 1
736 937 1
736 980 1
738 760 1
738 781 1
738 902 1
739 830 1
739 935 1
740 931 1
741 946 1
741 973 1
742 952 1
743 973 1
744 786 1
744 808 1
744 963 1
745 794 1
745 827 1
745 837 1
745 925 1
745 952 2
745 956 1
745 967 1
745 977 2
745 982 1
746 786 2
746 794 1
746 815 2
746 853 1
746 890 1
746 927 1
746 936 2
746 942 1
746 981 1
746 984 1
746 996 1
747 754 1
747 810 1
747 974 1
748 877 1
748 902 1
749 774 1
749 855 1
749 882 1
749 950 1
749 965 1
751 790 1
751 818 1
751 883 1
751 935 1
751 1000 1
752 897 1
753 807 1
753 897 1
753 935 1
753 951 1
753 973 1
754 779 1
754 839 1
754 910 1
754 924 1
754 958 1
755 760 1
755 804 1
756 815 1
756 886 1
756 951 1
758 931 1
758 964 1
759 790 1
759 804 1
759 897 1
759 903 1
759 945 1
760 805 1
760 848 1
760 887 1
760 911 1
760 991 1
762 836 1
762 935 1
763 808 1
763 963 1
763 993 1
764 813 1
764 955 1
765 891 1
765 989 1
765 994 1
766 935 1
766 955 1
767 774 1
767 796 1
767 821 1
767 858 1
767 861 1
767 864 1
767 872 1
767 876 1
767 879 1
767 882 1
767 927 1
767 977 2
768 989 1
770 792 1
770 855 1
770 869 1
770 894 1
770 934 1
770 943 1
771 786 1
771 787 1
771 955 1
772 781 1
772 830 1
772 936 1
773 940 1
774 977 1
775 786 1
775 804 1
775 904 1
775 940 1
775 952 1
775 978 1
776 884 1
776 902 1
776 937 1
776 973 1
776 977 1
777 817 1
778 952 1
778 977 1
780 818 1
780 935 1
780 963 1
781 782 1
781 784 1
781 815 2
781 825 1
781 841 1
781 870 1
781 945 2
781 964 2
782 891 1
782 985 1
782 993 1
783 818 1
784 804 1
784 883 1
785 787 1
785 897 1
785 951 1
786 788 1
786 828 1
786 894 1
786 910 1
786 922 1
786 923 1
786 961 1
786 999 1
787 805 1
787 806 1
787 823 1
787 832 1
787 890 1
787 934 1
787 958 1
787 960 1
788 945 1
789 797 1
789 812 1
789 833 1
789 843 1
789 847 1
789 860 1
789 863 1
789 871 1
789 879 1
789 890 1
789 953 1
789 961 1
790 812 1
790 838 1
790 907 1
790 957 1
790 979 1
790 998 1
791 945 1
792 884 1
793 946 1
795 815 1
795 817 1
795 980 1
796 808 1
796 877 1
796 992 1
796 993 1
797 852 1
797 973 1
798 877 1
798 952 1
800 877 1
801 966 1
803 963 1
803 994 1
804 812 1
804 839 1
804 892 1
804 904 2
804 942 1
804 951 2
804 994 2
805 807 1
806 810 1
806 883 1
806 931 1
807 824 1
807 837 1
807 844 1
807 872 1
807 887 1
807 891 2
807 894 1
807 909 2
807 915 1
807 920 1
807 923 1
807 936 2
807 968 1
807 974 2
808 811 1
808 825 1
808 866 1
808 880 1
808 932 1
808 983 1
808 990 1
810 821 1
810 828 1
810 849 1
810 880 1
810 893 1
810 897 2
810 916 1
810 939 1
810 957 1
810 968 1
810 971 1
810 987 1
811 946 1
812 877 1
813 829 1
813 843 1
813 847 1
813 875 1
813 924 1
813 944 1
813 972 1
814 980 1
815 819 1
815 824 1
815 838 1
815 864 1
815 912 1
815 927 1
815 957 1
815 958 1
815 959 1
815 972 1
815 976 1
816 935 1
816 974 1
817 818 2
817 845 1
817 908 1
817 916 1
817 919 1
817 948 1
817 952 2
817 998 1
818 845 1
818 885 1
818 906 1
818 959 1
818 975 1
819 936 1
819 952 1
819 992 1
820 936 1
823 931 1
823 952 1
823 964 1
823 978 1
824 978 1
824 985 1
825 945 1
825 964 1
825 966 1
825 978 1
825 993 1
826 980 1
827 931 1
827 955 1
828 935 1
828 940 1
828 978 1
828 992 1
829 993 1
830 844 1
830 850 1
830 860 1
830 888 1
830 901 1
830 930 1
831 891 1
832 936 1
832 945 1
833 978 1
834 877 1
834 931 1
834 980 1
835 952 1
836 866 1
836 929 1
836 932 1
836 958 1
837 902 1
837 909 1
837 936 1
838 877 1
839 931 1
839 952 1
839 964 1
840 865 1
840 884 1
840 1000 1
841 902 1
841 966 1
841 989 1
844 883 1
845 963 1
845 980 1
846 963 1
846 973 1
847 902 1
848 955 1
848 973 1
849 937 1
849 989 1
850 940 1
850 974 1
851 877 1
852 860 1
852 884 2
852 911 1
852 915 1
852 928 1
852 974 2
853 931 1
853 1000 1
854 931 1
855 973 1
856 886 1
856 945 1
856 946 1
857 946 1
857 964 1
857 978 1
858 904 1
858 935 1
859 904 1
860 937 1
860 945 1
861 977 1
862 966 1
862 992 1
863 877 1
863 891 1
864 909 1
864 931 1
864 989 1
865 925 1
865 930 1
865 942 1
865 965 1
866 931 1
866 964 1
866 977 1
867 884 1
867 952 1
867 966 1
867 993 1
868 909 1
869 886 1
869 964 1
869 992 1
869 1000 1
870 945 1
870 994 1
871 902 1
872 935 1
872 937 1
873 935 1
875 985 1
877 892 1
877 899 1
877 987 1
877 994 2
878 897 1
878 966 1
879 963 1
879 989 1
881 1000 1
882 931 1
882 993 1
883 890 1
883 933 1
883 968 1
884 899 1
884 957 1
885 955 1
885 964 1
886 929 1
886 986 1
889 973 1
890 935 1
890 974 1
890 993 1
890 1000 1
891 949 1
891 972 1
896 963 1
897 932 1
897 981 1
898 904 1
899 931 1
899 951 1
899 966 1
899 992 1
901 909 1
902 924 1
902 932 1
902 983 1
903 942 1
903 951 2
903 961 1
903 971 1
904 926 1
905 936 1
905 937 1
906 985 1
907 940 1
907 966 1
909 985 2
909 990 1
910 966 1
913 935 1
914 964 1
915 989 1
916 963 1
917 994 1
918 1000 1
921 951 1
922 951 1
923 945 1
923 951 1
924 937 1
924 992 1
925 946 1
925 980 1
927 980 1
929 985 1
929 992 1
930 977 1
930 980 1
931 988 1
931 997 1
932 992 1
932 1000 1
933 935 1
935 981 1
935 983 1
935 987 1
936 944 1
936 959 1
936 991 1
936 994 2
937 938 1
937 967 1
937 991 1
939 966 1
940 962 1
940 976 1
940 988 1
941 1000 1
942 945 1
942 946 1
942 992 1
945 981 1
946 954 1
946 970 1
946 975 1
947 973 1
947 992 1
948 963 1
948 977 1
949 951 1
949 963 1
949 993 1
951 960 1
951 964 2
952 953 1
952 963 2
952 998 1
955 962 1
955 987 1
955 988 1
961 1000 1
963 969 1
963 987 1
964 968 1
966 975 1
966 977 2
966 984 1
967 973 1
967 985 1
970 977 1
971 974 1
971 978 1
972 977 1
976 993 1
977 992 2
978 981 1
983 993 1
984 989 1
985 991 1
992 999 1
994 998 1
